Proj: 99
Zone: 0
North: 731322.00000000000000000000000000000000000000000000000000
South: 730212.00000000000000000000000000000000000000000000000000
East: 2092347.00000000000000000000000000000000000000000000000000
West: 2090835.00000000000000000000000000000000000000000000000000
Top: 138.00000000000000000000000000000000000000000000000000
Bottom: 0.00000000000000000000000000000000000000000000000000
nofRows: 370
nofCols: 504
nofDepths: 46
n-s resol: 3.00000000000000000000000000000000000000000000000000
e-w resol: 3.00000000000000000000000000000000000000000000000000
t-b resol: 3.00000000000000000000000000000000000000000000000000
TileDimensionX: 32
TileDimensionY: 24
TileDimensionZ: 10
CellType: float
useCompression: 1
useRle: 0
useLzw: 0
Precision: -1
nofHeaderBytes: 16
useXdr: 0
hasIndex: 1
Units: none
VerticalUnits: 0
Version: 2
